# oST version 5.0 parameters


[image]

width
752

height
480

[narrow_stereo/left]

camera matrix
461.726072 0.000000 363.799988
0.000000 460.513178 248.139853
0.000000 0.000000 1.000000

distortion
-0.287967 0.078231 0.000221 -0.000080 0.000000

rectification
0.998441 -0.003237 -0.055722
0.003725 0.999956 0.008644
0.055691 -0.008838 0.998409

projection
439.557317 0.000000 427.937099 0.000000
0.000000 439.557317 255.739628 0.000000
0.000000 0.000000 1.000000 0.000000
# oST version 5.0 parameters


[image]

width
752

height
480

[narrow_stereo/right]

camera matrix
461.306533 0.000000 372.916599
0.000000 460.507738 253.589972
0.000000 0.000000 1.000000

distortion
-0.285831 0.076032 -0.000183 0.000161 0.000000

rectification
0.997805 -0.003109 -0.066154
0.002530 0.999958 -0.008833
0.066178 0.008646 0.997770

projection
439.557317 0.000000 427.937099 -49.162266
0.000000 439.557317 255.739628 0.000000
0.000000 0.000000 1.000000 0.000000
