image_width: 752
image_height: 480
camera_name: narrow_stereo/right
camera_matrix:
  rows: 3
  cols: 3
  data: [461.30653,   0.     , 372.9166 ,
           0.     , 460.50774, 253.58997,
           0.     ,   0.     ,   1.     ]
distortion_model: plumb_bob
distortion_coefficients:
  rows: 1
  cols: 5
  data: [-0.285831, 0.076032, -0.000183, 0.000161, 0.000000]
rectification_matrix:
  rows: 3
  cols: 3
  data: [ 0.99780461, -0.0031086 , -0.06615352,
          0.00252969,  0.99995779, -0.00883306,
          0.06617819,  0.00864632,  0.99777036]
projection_matrix:
  rows: 3
  cols: 4
  data: [439.55732,   0.     , 427.9371 , -49.16227,
           0.     , 439.55732, 255.73963,   0.     ,
           0.     ,   0.     ,   1.     ,   0.     ]
